SubredditSimulator,SubSimulatorGPT2
0.0,0.0018660584698320546
0.002052545155993432,0.00020733982998133942
0.0003078817733990148,0.0019697283848227245
0.000513136288998358,0.0018660584698320546
0.00041050903119868636,0.0020733982998133943
0.0,0.002488077959776073
0.0019499178981937603,0.0006220194899440182
0.000513136288998358,0.0020733982998133943
0.0018472906403940886,0.0008293593199253577
0.002360426929392447,0.00041467965996267884
0.001026272577996716,0.0018660584698320546
0.000513136288998358,0.0023844080447854034
0.002976190476190476,0.0
0.0011288998357963874,0.0019697283848227245
0.0011288998357963874,0.0019697283848227245
0.00041050903119868636,0.0026954177897574125
0.002770935960591133,0.00041467965996267884
0.0006157635467980296,0.0026954177897574125
0.002360426929392447,0.0010366991499066972
0.002257799671592775,0.0011403690648973668
0.0008210180623973727,0.0025917478747667427
0.003284072249589491,0.00020733982998133942
0.002360426929392447,0.0012440389798880364
0.0012315270935960591,0.0023844080447854034
0.0024630541871921183,0.0012440389798880364
0.002257799671592775,0.001451378809869376
0.0031814449917898194,0.0006220194899440182
0.0028735632183908046,0.0010366991499066972
0.0019499178981937603,0.0021770682148040637
0.0040024630541871924,0.00020733982998133942
0.0016420361247947454,0.0025917478747667427
0.0021551724137931034,0.0022807381297947336
0.0016420361247947454,0.002799087704748082
0.0021551724137931034,0.0023844080447854034
0.0034893267651888342,0.0011403690648973668
0.004823481116584565,0.0
0.002360426929392447,0.0026954177897574125
0.0024630541871921183,0.0026954177897574125
0.0018472906403940886,0.00362844702467344
0.0021551724137931034,0.00362844702467344
0.0025656814449917897,0.0034211071946921
0.0033866995073891628,0.002799087704748082
0.0038998357963875205,0.002799087704748082
0.005541871921182266,0.0020733982998133943
0.003078817733990148,0.0059091851544681735
0.00451559934318555,0.005390835579514825
0.005747126436781609,0.0043541364296081275
0.004823481116584565,0.005701845324486834
0.003797208538587849,0.006738544474393531
0.00708128078817734,0.008604602944225586
0.004618226600985222,0.012233049968899026
0.013649425287356323,0.012855069458843044
